***
0	4	0
0	0	0
0	0	0
***
0	4	3	0	0
0	0	4	0	0
0	0	0	4	0
0	0	0	0	4
0	0	0	0	0
***
0	4	3	0	0
0	0	4	3	0
0	0	0	4	0
0	0	0	0	4
0	0	0	0	0
***
0	4	3	0	0
0	0	4	3	0
0	0	0	4	3
0	0	0	0	4
0	0	0	0	0
***
0	4	3	3	0
0	0	4	3	0
0	0	0	4	3
0	0	0	0	4
0	0	0	0	0
***
0	4	3	3	0
0	0	4	3	3
0	0	0	4	3
0	0	0	0	4
0	0	0	0	0
***
0	4	3	3	3
0	0	4	3	3
0	0	0	4	3
0	0	0	0	4
0	0	0	0	0
-----String[][]------
0	0	0	0	S
0	0	0	0	0
0	0	0	0	VP
0	0	0	0	0
0	0	0	0	0
-----String[][]------
0	0	NP	0	S
0	0	0	0	0
0	0	0	V	VP
0	0	0	0	NP
0	0	0	0	0
-----String[][]------
0	NP	NP	0	S
0	0	NP	0	0
0	0	0	V	VP
0	0	0	0	NP
0	0	0	0	0
***
0	4	3	0
0	0	4	0
0	0	0	4
0	0	0	0
***
0	4	3	0
0	0	4	3
0	0	0	4
0	0	0	0
***
0	4	3	3
0	0	4	3
0	0	0	4
0	0	0	0
-----String[][]------
0	0	0	S
0	0	0	NP
0	0	0	0
0	0	0	0
-----String[][]------
0	V	0	S
0	0	NP	NP
0	0	0	NP
0	0	0	0
***
0	4	3
0	0	4
0	0	0
-----String[][]------
0	V	S
0	0	NP
0	0	0
***
0	4	3
0	0	4
0	0	0
-----String[][]------
0	V	S
0	0	NP
0	0	0
***
0	4	3	0	0
0	0	4	0	0
0	0	0	4	0
0	0	0	0	4
0	0	0	0	0
***
0	4	3	0	0
0	0	4	3	0
0	0	0	4	0
0	0	0	0	4
0	0	0	0	0
***
0	4	3	0	0
0	0	4	3	0
0	0	0	4	3
0	0	0	0	4
0	0	0	0	0
***
0	4	3	3	0
0	0	4	3	0
0	0	0	4	3
0	0	0	0	4
0	0	0	0	0
***
0	4	3	3	0
0	0	4	3	3
0	0	0	4	3
0	0	0	0	4
0	0	0	0	0
***
0	4	3	3	3
0	0	4	3	3
0	0	0	4	3
0	0	0	0	4
0	0	0	0	0
-----String[][]------
0	0	0	0	S
0	0	0	0	0
0	0	0	0	VP
0	0	0	0	0
0	0	0	0	0
-----String[][]------
0	0	NP	0	S
0	0	0	0	0
0	0	0	V	VP
0	0	0	0	NP
0	0	0	0	0
-----String[][]------
0	NP	NP	0	S
0	0	NP	0	0
0	0	0	V	VP
0	0	0	0	NP
0	0	0	0	0
***
0	4	3	0	0
0	0	4	0	0
0	0	0	4	0
0	0	0	0	4
0	0	0	0	0
***
0	4	3	0	0
0	0	4	3	0
0	0	0	4	0
0	0	0	0	4
0	0	0	0	0
***
0	4	3	0	0
0	0	4	3	0
0	0	0	4	3
0	0	0	0	4
0	0	0	0	0
***
0	4	3	3	0
0	0	4	3	0
0	0	0	4	3
0	0	0	0	4
0	0	0	0	0
***
0	4	3	3	0
0	0	4	3	3
0	0	0	4	3
0	0	0	0	4
0	0	0	0	0
***
0	4	3	3	3
0	0	4	3	3
0	0	0	4	3
0	0	0	0	4
0	0	0	0	0
-----String[][]------
0	0	0	0	S
0	0	0	0	0
0	0	0	0	VP
0	0	0	0	0
0	0	0	0	0
-----String[][]------
0	0	NP	0	S
0	0	0	0	0
0	0	0	V	VP
0	0	0	0	NP
0	0	0	0	0
-----String[][]------
0	NP	NP	0	S
0	0	NP	0	0
0	0	0	V	VP
0	0	0	0	NP
0	0	0	0	0
***
0	4	3	0	0
0	0	4	0	0
0	0	0	4	0
0	0	0	0	4
0	0	0	0	0
***
0	4	3	0	0
0	0	4	3	0
0	0	0	4	0
0	0	0	0	4
0	0	0	0	0
***
0	4	3	0	0
0	0	4	3	0
0	0	0	4	3
0	0	0	0	4
0	0	0	0	0
***
0	4	3	3	0
0	0	4	3	0
0	0	0	4	3
0	0	0	0	4
0	0	0	0	0
***
0	4	3	3	0
0	0	4	3	3
0	0	0	4	3
0	0	0	0	4
0	0	0	0	0
***
0	4	3	3	3
0	0	4	3	3
0	0	0	4	3
0	0	0	0	4
0	0	0	0	0
-----String[][]------
0	0	0	0	S
0	0	0	0	0
0	0	0	0	VP
0	0	0	0	0
0	0	0	0	0
-----String[][]------
0	0	NP	0	S
0	0	0	0	0
0	0	0	V	VP
0	0	0	0	NP
0	0	0	0	0
-----String[][]------
0	NP	NP	0	S
0	0	NP	0	0
0	0	0	V	VP
0	0	0	0	NP
0	0	0	0	0
***
0	4	3	0	0
0	0	4	0	0
0	0	0	4	0
0	0	0	0	4
0	0	0	0	0
***
0	4	3	0	0
0	0	4	3	0
0	0	0	4	0
0	0	0	0	4
0	0	0	0	0
***
0	4	3	0	0
0	0	4	3	0
0	0	0	4	3
0	0	0	0	4
0	0	0	0	0
***
0	4	3	3	0
0	0	4	3	0
0	0	0	4	3
0	0	0	0	4
0	0	0	0	0
***
0	4	3	3	0
0	0	4	3	3
0	0	0	4	3
0	0	0	0	4
0	0	0	0	0
***
0	4	3	3	3
0	0	4	3	3
0	0	0	4	3
0	0	0	0	4
0	0	0	0	0
-----String[][]------
0	0	0	0	S
0	0	0	0	0
0	0	0	0	VP
0	0	0	0	0
0	0	0	0	0
-----String[][]------
0	0	NP	0	S
0	0	0	0	0
0	0	0	V	VP
0	0	0	0	NP
0	0	0	0	0
-----String[][]------
0	NP	NP	0	S
0	0	NP	0	0
0	0	0	V	VP
0	0	0	0	NP
0	0	0	0	0
***
0	4	3
0	0	4
0	0	0
-----String[][]------
0	V	S
0	0	NP
0	0	0
***
0	4	3	0
0	0	4	0
0	0	0	4
0	0	0	0
***
0	4	3	0
0	0	4	3
0	0	0	4
0	0	0	0
***
0	4	3	3
0	0	4	3
0	0	0	4
0	0	0	0
-----String[][]------
0	0	0	S
0	0	0	NP
0	0	0	0
0	0	0	0
-----String[][]------
0	V	0	S
0	0	NP	NP
0	0	0	NP
0	0	0	0
***
0	4	3	0	0
0	0	4	0	0
0	0	0	4	0
0	0	0	0	4
0	0	0	0	0
***
0	4	3	0	0
0	0	4	3	0
0	0	0	4	0
0	0	0	0	4
0	0	0	0	0
***
0	4	3	0	0
0	0	4	3	0
0	0	0	4	3
0	0	0	0	4
0	0	0	0	0
***
0	4	3	3	0
0	0	4	3	0
0	0	0	4	3
0	0	0	0	4
0	0	0	0	0
***
0	4	3	3	0
0	0	4	3	3
0	0	0	4	3
0	0	0	0	4
0	0	0	0	0
***
0	4	3	3	3
0	0	4	3	3
0	0	0	4	3
0	0	0	0	4
0	0	0	0	0
-----String[][]------
0	0	0	0	S
0	0	0	0	0
0	0	0	0	VP
0	0	0	0	0
0	0	0	0	0
-----String[][]------
0	0	NP	0	S
0	0	0	0	0
0	0	0	V	VP
0	0	0	0	NP
0	0	0	0	0
-----String[][]------
0	NP	NP	0	S
0	0	NP	0	0
0	0	0	V	VP
0	0	0	0	NP
0	0	0	0	0
***
0	4	3	0	0
0	0	4	0	0
0	0	0	4	0
0	0	0	0	4
0	0	0	0	0
***
0	4	3	0	0
0	0	4	3	0
0	0	0	4	0
0	0	0	0	4
0	0	0	0	0
***
0	4	3	0	0
0	0	4	3	0
0	0	0	4	3
0	0	0	0	4
0	0	0	0	0
***
0	4	3	3	0
0	0	4	3	0
0	0	0	4	3
0	0	0	0	4
0	0	0	0	0
***
0	4	3	3	0
0	0	4	3	3
0	0	0	4	3
0	0	0	0	4
0	0	0	0	0
***
0	4	3	3	3
0	0	4	3	3
0	0	0	4	3
0	0	0	0	4
0	0	0	0	0
-----String[][]------
0	0	0	0	S
0	0	0	0	0
0	0	0	0	VP
0	0	0	0	0
0	0	0	0	0
-----String[][]------
0	0	NP	0	S
0	0	0	0	0
0	0	0	V	VP
0	0	0	0	NP
0	0	0	0	0
-----String[][]------
0	NP	NP	0	S
0	0	NP	0	0
0	0	0	V	VP
0	0	0	0	NP
0	0	0	0	0
***
0	4	3	0	0
0	0	4	0	0
0	0	0	4	0
0	0	0	0	4
0	0	0	0	0
***
0	4	3	0	0
0	0	4	3	0
0	0	0	4	0
0	0	0	0	4
0	0	0	0	0
***
0	4	3	0	0
0	0	4	3	0
0	0	0	4	3
0	0	0	0	4
0	0	0	0	0
***
0	4	3	3	0
0	0	4	3	0
0	0	0	4	3
0	0	0	0	4
0	0	0	0	0
***
0	4	3	3	0
0	0	4	3	3
0	0	0	4	3
0	0	0	0	4
0	0	0	0	0
***
0	4	3	3	3
0	0	4	3	3
0	0	0	4	3
0	0	0	0	4
0	0	0	0	0
-----String[][]------
0	0	0	0	S
0	0	0	0	0
0	0	0	0	VP
0	0	0	0	0
0	0	0	0	0
-----String[][]------
0	0	NP	0	S
0	0	0	0	0
0	0	0	V	VP
0	0	0	0	NP
0	0	0	0	0
-----String[][]------
0	NP	NP	0	S
0	0	NP	0	0
0	0	0	V	VP
0	0	0	0	NP
0	0	0	0	0
***
0	4	3	0	0
0	0	4	0	0
0	0	0	4	0
0	0	0	0	4
0	0	0	0	0
***
0	4	3	0	0
0	0	4	3	0
0	0	0	4	0
0	0	0	0	4
0	0	0	0	0
***
0	4	3	0	0
0	0	4	3	0
0	0	0	4	3
0	0	0	0	4
0	0	0	0	0
***
0	4	3	3	0
0	0	4	3	0
0	0	0	4	3
0	0	0	0	4
0	0	0	0	0
***
0	4	3	3	0
0	0	4	3	3
0	0	0	4	3
0	0	0	0	4
0	0	0	0	0
***
0	4	3	3	3
0	0	4	3	3
0	0	0	4	3
0	0	0	0	4
0	0	0	0	0
-----String[][]------
0	0	0	0	S
0	0	0	0	0
0	0	0	0	VP
0	0	0	0	0
0	0	0	0	0
-----String[][]------
0	0	NP	0	S
0	0	0	0	0
0	0	0	V	VP
0	0	0	0	NP
0	0	0	0	0
-----String[][]------
0	NP	NP	0	S
0	0	NP	0	0
0	0	0	V	VP
0	0	0	0	NP
0	0	0	0	0
***
0	4	3	0	0
0	0	4	0	0
0	0	0	4	0
0	0	0	0	4
0	0	0	0	0
***
0	4	3	0	0
0	0	4	3	0
0	0	0	4	0
0	0	0	0	4
0	0	0	0	0
***
0	4	3	0	0
0	0	4	3	0
0	0	0	4	3
0	0	0	0	4
0	0	0	0	0
***
0	4	3	3	0
0	0	4	3	0
0	0	0	4	3
0	0	0	0	4
0	0	0	0	0
***
0	4	3	3	0
0	0	4	3	3
0	0	0	4	3
0	0	0	0	4
0	0	0	0	0
***
0	4	3	3	3
0	0	4	3	3
0	0	0	4	3
0	0	0	0	4
0	0	0	0	0
-----String[][]------
0	0	0	0	S
0	0	0	0	0
0	0	0	0	VP
0	0	0	0	0
0	0	0	0	0
-----String[][]------
0	0	NP	0	S
0	0	0	0	0
0	0	0	V	VP
0	0	0	0	NP
0	0	0	0	0
***
0	4	3	0	0
0	0	4	0	0
0	0	0	4	0
0	0	0	0	4
0	0	0	0	0
***
0	4	3	0	0
0	0	4	3	0
0	0	0	4	0
0	0	0	0	4
0	0	0	0	0
***
0	4	3	0	0
0	0	4	3	0
0	0	0	4	3
0	0	0	0	4
0	0	0	0	0
***
0	4	3	3	0
0	0	4	3	0
0	0	0	4	3
0	0	0	0	4
0	0	0	0	0
***
0	4	3	3	0
0	0	4	3	3
0	0	0	4	3
0	0	0	0	4
0	0	0	0	0
***
0	4	3	3	3
0	0	4	3	3
0	0	0	4	3
0	0	0	0	4
0	0	0	0	0
-----String[][]------
0	0	0	0	S
0	0	0	0	0
0	0	0	0	VP
0	0	0	0	0
0	0	0	0	0
-----String[][]------
0	0	NP	0	S
0	0	0	0	0
0	0	0	V	VP
0	0	0	0	NP
0	0	0	0	0
***
0	4	3	0	0
0	0	4	0	0
0	0	0	4	0
0	0	0	0	4
0	0	0	0	0
***
0	4	3	0	0
0	0	4	3	0
0	0	0	4	0
0	0	0	0	4
0	0	0	0	0
***
0	4	3	0	0
0	0	4	3	0
0	0	0	4	3
0	0	0	0	4
0	0	0	0	0
***
0	4	3	3	0
0	0	4	3	0
0	0	0	4	3
0	0	0	0	4
0	0	0	0	0
***
0	4	3	3	0
0	0	4	3	3
0	0	0	4	3
0	0	0	0	4
0	0	0	0	0
***
0	4	3	3	3
0	0	4	3	3
0	0	0	4	3
0	0	0	0	4
0	0	0	0	0
-----String[][]------
0	0	0	0	S
0	0	0	0	0
0	0	0	0	VP
0	0	0	0	0
0	0	0	0	0
-----String[][]------
0	0	NP	0	S
0	0	0	0	0
0	0	0	V	VP
0	0	0	0	NP
0	0	0	0	0
***
0	4	3	0	0
0	0	4	0	0
0	0	0	4	0
0	0	0	0	4
0	0	0	0	0
***
0	4	3	0	0
0	0	4	3	0
0	0	0	4	0
0	0	0	0	4
0	0	0	0	0
***
0	4	3	0	0
0	0	4	3	0
0	0	0	4	3
0	0	0	0	4
0	0	0	0	0
***
0	4	3	3	0
0	0	4	3	0
0	0	0	4	3
0	0	0	0	4
0	0	0	0	0
***
0	4	3	3	0
0	0	4	3	3
0	0	0	4	3
0	0	0	0	4
0	0	0	0	0
***
0	4	3	3	3
0	0	4	3	3
0	0	0	4	3
0	0	0	0	4
0	0	0	0	0
-----String[][]------
0	0	0	0	S
0	0	0	0	0
0	0	0	0	VP
0	0	0	0	0
0	0	0	0	0
-----String[][]------
0	0	NP	0	S
0	0	0	0	0
0	0	0	V	VP
0	0	0	0	NP
0	0	0	0	0
***
0	4	3	0	0
0	0	4	0	0
0	0	0	4	0
0	0	0	0	4
0	0	0	0	0
***
0	4	3	0	0
0	0	4	3	0
0	0	0	4	0
0	0	0	0	4
0	0	0	0	0
***
0	4	3	0	0
0	0	4	3	0
0	0	0	4	3
0	0	0	0	4
0	0	0	0	0
***
0	4	3	3	0
0	0	4	3	0
0	0	0	4	3
0	0	0	0	4
0	0	0	0	0
***
0	4	3	3	0
0	0	4	3	3
0	0	0	4	3
0	0	0	0	4
0	0	0	0	0
***
0	4	3	3	3
0	0	4	3	3
0	0	0	4	3
0	0	0	0	4
0	0	0	0	0
-----String[][]------
0	0	0	0	S
0	0	0	0	0
0	0	0	0	VP
0	0	0	0	0
0	0	0	0	0
-----String[][]------
0	0	NP	0	S
0	0	0	0	0
0	0	0	V	VP
0	0	0	0	NP
0	0	0	0	0
-----String[][]------
0	NP	NP	0	S
0	0	NP	0	0
0	0	0	V	VP
0	0	0	0	NP
0	0	0	0	0
***
0	4	3	0	0
0	0	4	0	0
0	0	0	4	0
0	0	0	0	4
0	0	0	0	0
***
0	4	3	0	0
0	0	4	3	0
0	0	0	4	0
0	0	0	0	4
0	0	0	0	0
***
0	4	3	0	0
0	0	4	3	0
0	0	0	4	3
0	0	0	0	4
0	0	0	0	0
***
0	4	3	3	0
0	0	4	3	0
0	0	0	4	3
0	0	0	0	4
0	0	0	0	0
***
0	4	3	3	0
0	0	4	3	3
0	0	0	4	3
0	0	0	0	4
0	0	0	0	0
***
0	4	3	3	3
0	0	4	3	3
0	0	0	4	3
0	0	0	0	4
0	0	0	0	0
-----String[][]------
0	0	0	0	S
0	0	0	0	0
0	0	0	0	VP
0	0	0	0	0
0	0	0	0	0
-----String[][]------
0	0	NP	0	S
0	0	0	0	0
0	0	0	V	VP
0	0	0	0	NP
0	0	0	0	0
-----String[][]------
0	NP	NP	0	S
0	0	NP	0	0
0	0	0	V	VP
0	0	0	0	NP
0	0	0	0	0
***
0	4	3	0	0
0	0	4	0	0
0	0	0	4	0
0	0	0	0	4
0	0	0	0	0
***
0	4	3	0	0
0	0	4	3	0
0	0	0	4	0
0	0	0	0	4
0	0	0	0	0
***
0	4	3	0	0
0	0	4	3	0
0	0	0	4	3
0	0	0	0	4
0	0	0	0	0
***
0	4	3	3	0
0	0	4	3	0
0	0	0	4	3
0	0	0	0	4
0	0	0	0	0
***
0	4	3	3	0
0	0	4	3	3
0	0	0	4	3
0	0	0	0	4
0	0	0	0	0
***
0	4	3	3	3
0	0	4	3	3
0	0	0	4	3
0	0	0	0	4
0	0	0	0	0
-----String[][]------
0	0	0	0	S
0	0	0	0	0
0	0	0	0	VP
0	0	0	0	0
0	0	0	0	0
-----String[][]------
0	0	NP	0	S
0	0	0	0	0
0	0	0	V	VP
0	0	0	0	NP
0	0	0	0	0
-----String[][]------
0	NP	NP	0	S
0	0	NP	0	0
0	0	0	V	VP
0	0	0	0	NP
0	0	0	0	0
***
0	4	3	0	0
0	0	4	0	0
0	0	0	4	0
0	0	0	0	4
0	0	0	0	0
***
0	4	3	0	0
0	0	4	3	0
0	0	0	4	0
0	0	0	0	4
0	0	0	0	0
***
0	4	3	0	0
0	0	4	3	0
0	0	0	4	3
0	0	0	0	4
0	0	0	0	0
***
0	4	3	3	0
0	0	4	3	0
0	0	0	4	3
0	0	0	0	4
0	0	0	0	0
***
0	4	3	3	0
0	0	4	3	3
0	0	0	4	3
0	0	0	0	4
0	0	0	0	0
***
0	4	3	3	3
0	0	4	3	3
0	0	0	4	3
0	0	0	0	4
0	0	0	0	0
-----String[][]------
0	0	0	0	S
0	0	0	0	0
0	0	0	0	VP
0	0	0	0	0
0	0	0	0	0
-----String[][]------
0	0	NP	0	S
0	0	0	0	0
0	0	0	V	VP
0	0	0	0	NP
0	0	0	0	0
-----String[][]------
0	NP	NP	0	S
0	0	NP	0	0
0	0	0	V	VP
0	0	0	0	NP
0	0	0	0	0
***
0	4	3	0	0
0	0	4	0	0
0	0	0	4	0
0	0	0	0	4
0	0	0	0	0
***
0	4	3	0	0
0	0	4	3	0
0	0	0	4	0
0	0	0	0	4
0	0	0	0	0
***
0	4	3	0	0
0	0	4	3	0
0	0	0	4	3
0	0	0	0	4
0	0	0	0	0
***
0	4	3	3	0
0	0	4	3	0
0	0	0	4	3
0	0	0	0	4
0	0	0	0	0
***
0	4	3	3	0
0	0	4	3	3
0	0	0	4	3
0	0	0	0	4
0	0	0	0	0
***
0	4	3	3	3
0	0	4	3	3
0	0	0	4	3
0	0	0	0	4
0	0	0	0	0
-----String[][]------
0	0	0	0	S
0	0	0	0	0
0	0	0	0	VP
0	0	0	0	0
0	0	0	0	0
-----String[][]------
0	0	NP	0	S
0	0	0	0	0
0	0	0	V	VP
0	0	0	0	NP
0	0	0	0	0
-----String[][]------
0	NP	NP	0	S
0	0	NP	0	0
0	0	0	V	VP
0	0	0	0	NP
0	0	0	0	0
***
0	4	3	0	0
0	0	4	0	0
0	0	0	4	0
0	0	0	0	4
0	0	0	0	0
***
0	4	3	0	0
0	0	4	3	0
0	0	0	4	0
0	0	0	0	4
0	0	0	0	0
***
0	4	3	0	0
0	0	4	3	0
0	0	0	4	3
0	0	0	0	4
0	0	0	0	0
***
0	4	3	3	0
0	0	4	3	0
0	0	0	4	3
0	0	0	0	4
0	0	0	0	0
***
0	4	3	3	0
0	0	4	3	3
0	0	0	4	3
0	0	0	0	4
0	0	0	0	0
***
0	4	3	3	3
0	0	4	3	3
0	0	0	4	3
0	0	0	0	4
0	0	0	0	0
-----String[][]------
0	0	0	0	S
0	0	0	0	0
0	0	0	0	VP
0	0	0	0	0
0	0	0	0	0
-----String[][]------
0	0	NP	0	S
0	0	0	0	0
0	0	0	V	VP
0	0	0	0	NP
0	0	0	0	0
***
0	4	3	0	0
0	0	4	0	0
0	0	0	4	0
0	0	0	0	4
0	0	0	0	0
***
0	4	3	0	0
0	0	4	3	0
0	0	0	4	0
0	0	0	0	4
0	0	0	0	0
***
0	4	3	0	0
0	0	4	3	0
0	0	0	4	3
0	0	0	0	4
0	0	0	0	0
***
0	4	3	3	0
0	0	4	3	0
0	0	0	4	3
0	0	0	0	4
0	0	0	0	0
***
0	4	3	3	0
0	0	4	3	3
0	0	0	4	3
0	0	0	0	4
0	0	0	0	0
***
0	4	3	3	3
0	0	4	3	3
0	0	0	4	3
0	0	0	0	4
0	0	0	0	0
-----String[][]------
0	0	0	0	S
0	0	0	0	0
0	0	0	0	VP
0	0	0	0	0
0	0	0	0	0
-----String[][]------
0	0	NP	0	S
0	0	0	0	0
0	0	0	V	VP
0	0	0	0	NP
0	0	0	0	0
-----String[][]------
0	NP	NP	0	S
0	0	NP	0	0
0	0	0	V	VP
0	0	0	0	NP
0	0	0	0	0
***
0	4	3	0	0
0	0	4	0	0
0	0	0	4	0
0	0	0	0	4
0	0	0	0	0
***
0	4	3	0	0
0	0	4	3	0
0	0	0	4	0
0	0	0	0	4
0	0	0	0	0
***
0	4	3	0	0
0	0	4	3	0
0	0	0	4	3
0	0	0	0	4
0	0	0	0	0
***
0	4	3	3	0
0	0	4	3	0
0	0	0	4	3
0	0	0	0	4
0	0	0	0	0
***
0	4	3	3	0
0	0	4	3	3
0	0	0	4	3
0	0	0	0	4
0	0	0	0	0
***
0	4	3	3	3
0	0	4	3	3
0	0	0	4	3
0	0	0	0	4
0	0	0	0	0
-----String[][]------
0	0	0	0	S
0	0	0	0	0
0	0	0	0	VP
0	0	0	0	0
0	0	0	0	0
-----String[][]------
0	0	NP	0	S
0	0	0	0	0
0	0	0	V	VP
0	0	0	0	NP
0	0	0	0	0
-----String[][]------
0	NP	NP	0	S
0	0	NP	0	0
0	0	0	V	VP
0	0	0	0	NP
0	0	0	0	0
***
0	4	3	0	0
0	0	4	0	0
0	0	0	4	0
0	0	0	0	4
0	0	0	0	0
***
0	4	3	0	0
0	0	4	3	0
0	0	0	4	0
0	0	0	0	4
0	0	0	0	0
***
0	4	3	0	0
0	0	4	3	0
0	0	0	4	3
0	0	0	0	4
0	0	0	0	0
***
0	4	3	3	0
0	0	4	3	0
0	0	0	4	3
0	0	0	0	4
0	0	0	0	0
***
0	4	3	3	0
0	0	4	3	3
0	0	0	4	3
0	0	0	0	4
0	0	0	0	0
***
0	4	3	3	3
0	0	4	3	3
0	0	0	4	3
0	0	0	0	4
0	0	0	0	0
-----String[][]------
0	0	0	0	S
0	0	0	0	0
0	0	0	0	VP
0	0	0	0	0
0	0	0	0	0
-----String[][]------
0	0	NP	0	S
0	0	0	0	0
0	0	0	V	VP
0	0	0	0	NP
0	0	0	0	0
-----String[][]------
0	NP	NP	0	S
0	0	NP	0	0
0	0	0	V	VP
0	0	0	0	NP
0	0	0	0	0
***
0	4	3
0	0	4
0	0	0
-----String[][]------
0	V	S
0	0	NP
0	0	0
***
0	4	3	0
0	0	4	0
0	0	0	4
0	0	0	0
***
0	4	3	0
0	0	4	3
0	0	0	4
0	0	0	0
***
0	4	3	3
0	0	4	3
0	0	0	4
0	0	0	0
-----String[][]------
0	0	0	S
0	0	0	NP
0	0	0	0
0	0	0	0
-----String[][]------
0	V	0	S
0	0	NP	NP
0	0	0	NP
0	0	0	0
***
0	4	3	0	0	0
0	0	4	0	0	0
0	0	0	4	0	0
0	0	0	0	4	0
0	0	0	0	0	4
0	0	0	0	0	0
***
0	4	3	0	0	0
0	0	4	3	0	0
0	0	0	4	0	0
0	0	0	0	4	0
0	0	0	0	0	4
0	0	0	0	0	0
***
0	4	3	0	0	0
0	0	4	3	0	0
0	0	0	4	3	0
0	0	0	0	4	0
0	0	0	0	0	4
0	0	0	0	0	0
***
0	4	3	0	0	0
0	0	4	3	0	0
0	0	0	4	3	0
0	0	0	0	4	3
0	0	0	0	0	4
0	0	0	0	0	0
***
0	4	3	3	0	0
0	0	4	3	0	0
0	0	0	4	3	0
0	0	0	0	4	3
0	0	0	0	0	4
0	0	0	0	0	0
***
0	4	3	3	0	0
0	0	4	3	3	0
0	0	0	4	3	0
0	0	0	0	4	3
0	0	0	0	0	4
0	0	0	0	0	0
***
0	4	3	3	0	0
0	0	4	3	3	0
0	0	0	4	3	3
0	0	0	0	4	3
0	0	0	0	0	4
0	0	0	0	0	0
***
0	4	3	3	3	0
0	0	4	3	3	0
0	0	0	4	3	3
0	0	0	0	4	3
0	0	0	0	0	4
0	0	0	0	0	0
***
0	4	3	3	3	0
0	0	4	3	3	3
0	0	0	4	3	3
0	0	0	0	4	3
0	0	0	0	0	4
0	0	0	0	0	0
***
0	4	3	3	3	3
0	0	4	3	3	3
0	0	0	4	3	3
0	0	0	0	4	3
0	0	0	0	0	4
0	0	0	0	0	0
-----String[][]------
0	0	0	0	0	S
0	0	0	0	0	0
0	0	0	0	0	VP
0	0	0	0	0	0
0	0	0	0	0	0
0	0	0	0	0	0
-----String[][]------
0	0	0	0	0	S
0	0	0	0	0	0
0	0	0	0	0	VP
0	0	0	0	0	NP
0	0	0	0	0	0
0	0	0	0	0	0
-----String[][]------
0	0	NP	0	0	S
0	0	0	0	0	0
0	0	0	V	0	VP
0	0	0	0	NP	NP
0	0	0	0	0	NP
0	0	0	0	0	0
-----String[][]------
0	NP	NP	0	0	S
0	0	NP	0	0	0
0	0	0	V	0	VP
0	0	0	0	NP	NP
0	0	0	0	0	NP
0	0	0	0	0	0
***
0	4	3	0	0
0	0	4	0	0
0	0	0	4	0
0	0	0	0	4
0	0	0	0	0
***
0	4	3	0	0
0	0	4	3	0
0	0	0	4	0
0	0	0	0	4
0	0	0	0	0
***
0	4	3	0	0
0	0	4	3	0
0	0	0	4	3
0	0	0	0	4
0	0	0	0	0
***
0	4	3	3	0
0	0	4	3	0
0	0	0	4	3
0	0	0	0	4
0	0	0	0	0
***
0	4	3	3	0
0	0	4	3	3
0	0	0	4	3
0	0	0	0	4
0	0	0	0	0
***
0	4	3	3	3
0	0	4	3	3
0	0	0	4	3
0	0	0	0	4
0	0	0	0	0
-----String[][]------
0	0	0	0	S
0	0	0	0	0
0	0	0	0	VP
0	0	0	0	0
0	0	0	0	0
-----String[][]------
0	0	NP	0	S
0	0	0	0	0
0	0	0	V	VP
0	0	0	0	NP
0	0	0	0	0
-----String[][]------
0	NP	NP	0	S
0	0	NP	0	0
0	0	0	V	VP
0	0	0	0	NP
0	0	0	0	0
***
0	4	3	0	0
0	0	4	0	0
0	0	0	4	0
0	0	0	0	4
0	0	0	0	0
***
0	4	3	0	0
0	0	4	3	0
0	0	0	4	0
0	0	0	0	4
0	0	0	0	0
***
0	4	3	0	0
0	0	4	3	0
0	0	0	4	3
0	0	0	0	4
0	0	0	0	0
***
0	4	3	3	0
0	0	4	3	0
0	0	0	4	3
0	0	0	0	4
0	0	0	0	0
***
0	4	3	3	0
0	0	4	3	3
0	0	0	4	3
0	0	0	0	4
0	0	0	0	0
***
0	4	3	3	3
0	0	4	3	3
0	0	0	4	3
0	0	0	0	4
0	0	0	0	0
-----String[][]------
0	0	0	0	S
0	0	0	0	0
0	0	0	0	VP
0	0	0	0	0
0	0	0	0	0
-----String[][]------
0	0	NP	0	S
0	0	0	0	0
0	0	0	V	VP
0	0	0	0	NP
0	0	0	0	0
-----String[][]------
0	NP	NP	0	S
0	0	NP	0	0
0	0	0	V	VP
0	0	0	0	NP
0	0	0	0	0
***
0	4	3	0	0	0	0	0
0	0	4	0	0	0	0	0
0	0	0	4	0	0	0	0
0	0	0	0	4	0	0	0
0	0	0	0	0	4	0	0
0	0	0	0	0	0	4	0
0	0	0	0	0	0	0	4
0	0	0	0	0	0	0	0
***
0	4	3	0	0	0	0	0
0	0	4	3	0	0	0	0
0	0	0	4	0	0	0	0
0	0	0	0	4	0	0	0
0	0	0	0	0	4	0	0
0	0	0	0	0	0	4	0
0	0	0	0	0	0	0	4
0	0	0	0	0	0	0	0
***
0	4	3	0	0	0	0	0
0	0	4	3	0	0	0	0
0	0	0	4	3	0	0	0
0	0	0	0	4	0	0	0
0	0	0	0	0	4	0	0
0	0	0	0	0	0	4	0
0	0	0	0	0	0	0	4
0	0	0	0	0	0	0	0
***
0	4	3	0	0	0	0	0
0	0	4	3	0	0	0	0
0	0	0	4	3	0	0	0
0	0	0	0	4	3	0	0
0	0	0	0	0	4	0	0
0	0	0	0	0	0	4	0
0	0	0	0	0	0	0	4
0	0	0	0	0	0	0	0
***
0	4	3	0	0	0	0	0
0	0	4	3	0	0	0	0
0	0	0	4	3	0	0	0
0	0	0	0	4	3	0	0
0	0	0	0	0	4	3	0
0	0	0	0	0	0	4	0
0	0	0	0	0	0	0	4
0	0	0	0	0	0	0	0
***
0	4	3	0	0	0	0	0
0	0	4	3	0	0	0	0
0	0	0	4	3	0	0	0
0	0	0	0	4	3	0	0
0	0	0	0	0	4	3	0
0	0	0	0	0	0	4	3
0	0	0	0	0	0	0	4
0	0	0	0	0	0	0	0
***
0	4	3	3	0	0	0	0
0	0	4	3	0	0	0	0
0	0	0	4	3	0	0	0
0	0	0	0	4	3	0	0
0	0	0	0	0	4	3	0
0	0	0	0	0	0	4	3
0	0	0	0	0	0	0	4
0	0	0	0	0	0	0	0
***
0	4	3	3	0	0	0	0
0	0	4	3	3	0	0	0
0	0	0	4	3	0	0	0
0	0	0	0	4	3	0	0
0	0	0	0	0	4	3	0
0	0	0	0	0	0	4	3
0	0	0	0	0	0	0	4
0	0	0	0	0	0	0	0
***
0	4	3	3	0	0	0	0
0	0	4	3	3	0	0	0
0	0	0	4	3	3	0	0
0	0	0	0	4	3	0	0
0	0	0	0	0	4	3	0
0	0	0	0	0	0	4	3
0	0	0	0	0	0	0	4
0	0	0	0	0	0	0	0
***
0	4	3	3	0	0	0	0
0	0	4	3	3	0	0	0
0	0	0	4	3	3	0	0
0	0	0	0	4	3	3	0
0	0	0	0	0	4	3	0
0	0	0	0	0	0	4	3
0	0	0	0	0	0	0	4
0	0	0	0	0	0	0	0
***
0	4	3	3	0	0	0	0
0	0	4	3	3	0	0	0
0	0	0	4	3	3	0	0
0	0	0	0	4	3	3	0
0	0	0	0	0	4	3	3
0	0	0	0	0	0	4	3
0	0	0	0	0	0	0	4
0	0	0	0	0	0	0	0
***
0	4	3	3	3	0	0	0
0	0	4	3	3	0	0	0
0	0	0	4	3	3	0	0
0	0	0	0	4	3	3	0
0	0	0	0	0	4	3	3
0	0	0	0	0	0	4	3
0	0	0	0	0	0	0	4
0	0	0	0	0	0	0	0
***
0	4	3	3	3	0	0	0
0	0	4	3	3	3	0	0
0	0	0	4	3	3	0	0
0	0	0	0	4	3	3	0
0	0	0	0	0	4	3	3
0	0	0	0	0	0	4	3
0	0	0	0	0	0	0	4
0	0	0	0	0	0	0	0
***
0	4	3	3	3	0	0	0
0	0	4	3	3	3	0	0
0	0	0	4	3	3	3	0
0	0	0	0	4	3	3	0
0	0	0	0	0	4	3	3
0	0	0	0	0	0	4	3
0	0	0	0	0	0	0	4
0	0	0	0	0	0	0	0
***
0	4	3	3	3	0	0	0
0	0	4	3	3	3	0	0
0	0	0	4	3	3	3	0
0	0	0	0	4	3	3	3
0	0	0	0	0	4	3	3
0	0	0	0	0	0	4	3
0	0	0	0	0	0	0	4
0	0	0	0	0	0	0	0
***
0	4	3	3	3	3	0	0
0	0	4	3	3	3	0	0
0	0	0	4	3	3	3	0
0	0	0	0	4	3	3	3
0	0	0	0	0	4	3	3
0	0	0	0	0	0	4	3
0	0	0	0	0	0	0	4
0	0	0	0	0	0	0	0
***
0	4	3	3	3	3	0	0
0	0	4	3	3	3	3	0
0	0	0	4	3	3	3	0
0	0	0	0	4	3	3	3
0	0	0	0	0	4	3	3
0	0	0	0	0	0	4	3
0	0	0	0	0	0	0	4
0	0	0	0	0	0	0	0
***
0	4	3	3	3	3	0	0
0	0	4	3	3	3	3	0
0	0	0	4	3	3	3	3
0	0	0	0	4	3	3	3
0	0	0	0	0	4	3	3
0	0	0	0	0	0	4	3
0	0	0	0	0	0	0	4
0	0	0	0	0	0	0	0
***
0	4	3	3	3	3	3	0
0	0	4	3	3	3	3	0
0	0	0	4	3	3	3	3
0	0	0	0	4	3	3	3
0	0	0	0	0	4	3	3
0	0	0	0	0	0	4	3
0	0	0	0	0	0	0	4
0	0	0	0	0	0	0	0
***
0	4	3	3	3	3	3	0
0	0	4	3	3	3	3	3
0	0	0	4	3	3	3	3
0	0	0	0	4	3	3	3
0	0	0	0	0	4	3	3
0	0	0	0	0	0	4	3
0	0	0	0	0	0	0	4
0	0	0	0	0	0	0	0
***
0	4	3	3	3	3	3	3
0	0	4	3	3	3	3	3
0	0	0	4	3	3	3	3
0	0	0	0	4	3	3	3
0	0	0	0	0	4	3	3
0	0	0	0	0	0	4	3
0	0	0	0	0	0	0	4
0	0	0	0	0	0	0	0
-----String[][]------
0	0	0	0	0	0	0	S
0	0	0	0	0	0	0	0
0	0	0	0	0	0	0	0
0	0	0	0	0	0	0	0
0	0	0	0	0	0	0	VP
0	0	0	0	0	0	0	0
0	0	0	0	0	0	0	0
0	0	0	0	0	0	0	0
-----String[][]------
0	0	0	0	0	0	0	S
0	0	0	0	0	0	0	0
0	0	0	0	0	0	0	0
0	0	0	0	0	0	0	0
0	0	0	0	0	0	0	VP
0	0	0	0	0	0	0	NP
0	0	0	0	0	0	0	0
0	0	0	0	0	0	0	0
-----String[][]------
0	0	0	0	NP	0	0	S
0	0	0	0	0	0	0	0
0	0	0	0	0	0	0	0
0	0	0	0	0	0	0	0
0	0	0	0	0	V	0	VP
0	0	0	0	0	0	NP	NP
0	0	0	0	0	0	0	NP
0	0	0	0	0	0	0	0
-----String[][]------
0	0	0	0	NP	0	0	S
0	0	0	0	NP	0	0	0
0	0	0	0	0	0	0	0
0	0	0	0	0	0	0	0
0	0	0	0	0	V	0	VP
0	0	0	0	0	0	NP	NP
0	0	0	0	0	0	0	NP
0	0	0	0	0	0	0	0
-----String[][]------
0	0	0	0	NP	0	0	S
0	0	0	NP	NP	0	0	0
0	0	0	0	0	0	0	0
0	0	0	0	NP	0	0	0
0	0	0	0	0	V	0	VP
0	0	0	0	0	0	NP	NP
0	0	0	0	0	0	0	NP
0	0	0	0	0	0	0	0
-----String[][]------
0	NP	0	0	NP	0	0	S
0	0	NP	NP	NP	0	0	0
0	0	0	NP	0	0	0	0
0	0	0	0	NP	0	0	0
0	0	0	0	0	V	0	VP
0	0	0	0	0	0	NP	NP
0	0	0	0	0	0	0	NP
0	0	0	0	0	0	0	0
***
0	4	3	0	0	0	0	0
0	0	4	0	0	0	0	0
0	0	0	4	0	0	0	0
0	0	0	0	4	0	0	0
0	0	0	0	0	4	0	0
0	0	0	0	0	0	4	0
0	0	0	0	0	0	0	4
0	0	0	0	0	0	0	0
***
0	4	3	0	0	0	0	0
0	0	4	3	0	0	0	0
0	0	0	4	0	0	0	0
0	0	0	0	4	0	0	0
0	0	0	0	0	4	0	0
0	0	0	0	0	0	4	0
0	0	0	0	0	0	0	4
0	0	0	0	0	0	0	0
***
0	4	3	0	0	0	0	0
0	0	4	3	0	0	0	0
0	0	0	4	3	0	0	0
0	0	0	0	4	0	0	0
0	0	0	0	0	4	0	0
0	0	0	0	0	0	4	0
0	0	0	0	0	0	0	4
0	0	0	0	0	0	0	0
***
0	4	3	0	0	0	0	0
0	0	4	3	0	0	0	0
0	0	0	4	3	0	0	0
0	0	0	0	4	3	0	0
0	0	0	0	0	4	0	0
0	0	0	0	0	0	4	0
0	0	0	0	0	0	0	4
0	0	0	0	0	0	0	0
***
0	4	3	0	0	0	0	0
0	0	4	3	0	0	0	0
0	0	0	4	3	0	0	0
0	0	0	0	4	3	0	0
0	0	0	0	0	4	3	0
0	0	0	0	0	0	4	0
0	0	0	0	0	0	0	4
0	0	0	0	0	0	0	0
***
0	4	3	0	0	0	0	0
0	0	4	3	0	0	0	0
0	0	0	4	3	0	0	0
0	0	0	0	4	3	0	0
0	0	0	0	0	4	3	0
0	0	0	0	0	0	4	3
0	0	0	0	0	0	0	4
0	0	0	0	0	0	0	0
***
0	4	3	3	0	0	0	0
0	0	4	3	0	0	0	0
0	0	0	4	3	0	0	0
0	0	0	0	4	3	0	0
0	0	0	0	0	4	3	0
0	0	0	0	0	0	4	3
0	0	0	0	0	0	0	4
0	0	0	0	0	0	0	0
***
0	4	3	3	0	0	0	0
0	0	4	3	3	0	0	0
0	0	0	4	3	0	0	0
0	0	0	0	4	3	0	0
0	0	0	0	0	4	3	0
0	0	0	0	0	0	4	3
0	0	0	0	0	0	0	4
0	0	0	0	0	0	0	0
***
0	4	3	3	0	0	0	0
0	0	4	3	3	0	0	0
0	0	0	4	3	3	0	0
0	0	0	0	4	3	0	0
0	0	0	0	0	4	3	0
0	0	0	0	0	0	4	3
0	0	0	0	0	0	0	4
0	0	0	0	0	0	0	0
***
0	4	3	3	0	0	0	0
0	0	4	3	3	0	0	0
0	0	0	4	3	3	0	0
0	0	0	0	4	3	3	0
0	0	0	0	0	4	3	0
0	0	0	0	0	0	4	3
0	0	0	0	0	0	0	4
0	0	0	0	0	0	0	0
***
0	4	3	3	0	0	0	0
0	0	4	3	3	0	0	0
0	0	0	4	3	3	0	0
0	0	0	0	4	3	3	0
0	0	0	0	0	4	3	3
0	0	0	0	0	0	4	3
0	0	0	0	0	0	0	4
0	0	0	0	0	0	0	0
***
0	4	3	3	3	0	0	0
0	0	4	3	3	0	0	0
0	0	0	4	3	3	0	0
0	0	0	0	4	3	3	0
0	0	0	0	0	4	3	3
0	0	0	0	0	0	4	3
0	0	0	0	0	0	0	4
0	0	0	0	0	0	0	0
***
0	4	3	3	3	0	0	0
0	0	4	3	3	3	0	0
0	0	0	4	3	3	0	0
0	0	0	0	4	3	3	0
0	0	0	0	0	4	3	3
0	0	0	0	0	0	4	3
0	0	0	0	0	0	0	4
0	0	0	0	0	0	0	0
***
0	4	3	3	3	0	0	0
0	0	4	3	3	3	0	0
0	0	0	4	3	3	3	0
0	0	0	0	4	3	3	0
0	0	0	0	0	4	3	3
0	0	0	0	0	0	4	3
0	0	0	0	0	0	0	4
0	0	0	0	0	0	0	0
***
0	4	3	3	3	0	0	0
0	0	4	3	3	3	0	0
0	0	0	4	3	3	3	0
0	0	0	0	4	3	3	3
0	0	0	0	0	4	3	3
0	0	0	0	0	0	4	3
0	0	0	0	0	0	0	4
0	0	0	0	0	0	0	0
***
0	4	3	3	3	3	0	0
0	0	4	3	3	3	0	0
0	0	0	4	3	3	3	0
0	0	0	0	4	3	3	3
0	0	0	0	0	4	3	3
0	0	0	0	0	0	4	3
0	0	0	0	0	0	0	4
0	0	0	0	0	0	0	0
***
0	4	3	3	3	3	0	0
0	0	4	3	3	3	3	0
0	0	0	4	3	3	3	0
0	0	0	0	4	3	3	3
0	0	0	0	0	4	3	3
0	0	0	0	0	0	4	3
0	0	0	0	0	0	0	4
0	0	0	0	0	0	0	0
***
0	4	3	3	3	3	0	0
0	0	4	3	3	3	3	0
0	0	0	4	3	3	3	3
0	0	0	0	4	3	3	3
0	0	0	0	0	4	3	3
0	0	0	0	0	0	4	3
0	0	0	0	0	0	0	4
0	0	0	0	0	0	0	0
***
0	4	3	3	3	3	3	0
0	0	4	3	3	3	3	0
0	0	0	4	3	3	3	3
0	0	0	0	4	3	3	3
0	0	0	0	0	4	3	3
0	0	0	0	0	0	4	3
0	0	0	0	0	0	0	4
0	0	0	0	0	0	0	0
***
0	4	3	3	3	3	3	0
0	0	4	3	3	3	3	3
0	0	0	4	3	3	3	3
0	0	0	0	4	3	3	3
0	0	0	0	0	4	3	3
0	0	0	0	0	0	4	3
0	0	0	0	0	0	0	4
0	0	0	0	0	0	0	0
***
0	4	3	3	3	3	3	3
0	0	4	3	3	3	3	3
0	0	0	4	3	3	3	3
0	0	0	0	4	3	3	3
0	0	0	0	0	4	3	3
0	0	0	0	0	0	4	3
0	0	0	0	0	0	0	4
0	0	0	0	0	0	0	0
-----String[][]------
0	0	0	0	0	0	0	S
0	0	0	0	0	0	0	0
0	0	0	0	0	0	0	0
0	0	0	0	0	0	0	0
0	0	0	0	0	0	0	VP
0	0	0	0	0	0	0	0
0	0	0	0	0	0	0	0
0	0	0	0	0	0	0	0
-----String[][]------
0	0	0	0	0	0	0	S
0	0	0	0	0	0	0	0
0	0	0	0	0	0	0	0
0	0	0	0	0	0	0	0
0	0	0	0	0	0	0	VP
0	0	0	0	0	0	0	NP
0	0	0	0	0	0	0	0
0	0	0	0	0	0	0	0
-----String[][]------
0	0	0	0	NP	0	0	S
0	0	0	0	0	0	0	0
0	0	0	0	0	0	0	0
0	0	0	0	0	0	0	0
0	0	0	0	0	V	0	VP
0	0	0	0	0	0	NP	NP
0	0	0	0	0	0	0	NP
0	0	0	0	0	0	0	0
-----String[][]------
0	0	0	0	NP	0	0	S
0	0	0	0	NP	0	0	0
0	0	0	0	0	0	0	0
0	0	0	0	0	0	0	0
0	0	0	0	0	V	0	VP
0	0	0	0	0	0	NP	NP
0	0	0	0	0	0	0	NP
0	0	0	0	0	0	0	0
-----String[][]------
0	0	0	0	NP	0	0	S
0	0	0	NP	NP	0	0	0
0	0	0	0	0	0	0	0
0	0	0	0	NP	0	0	0
0	0	0	0	0	V	0	VP
0	0	0	0	0	0	NP	NP
0	0	0	0	0	0	0	NP
0	0	0	0	0	0	0	0
-----String[][]------
0	NP	0	0	NP	0	0	S
0	0	NP	NP	NP	0	0	0
0	0	0	NP	0	0	0	0
0	0	0	0	NP	0	0	0
0	0	0	0	0	V	0	VP
0	0	0	0	0	0	NP	NP
0	0	0	0	0	0	0	NP
0	0	0	0	0	0	0	0
***
0	4	3	0	0
0	0	4	0	0
0	0	0	4	0
0	0	0	0	4
0	0	0	0	0
***
0	4	3	0	0
0	0	4	3	0
0	0	0	4	0
0	0	0	0	4
0	0	0	0	0
***
0	4	3	0	0
0	0	4	3	0
0	0	0	4	3
0	0	0	0	4
0	0	0	0	0
***
0	4	3	3	0
0	0	4	3	0
0	0	0	4	3
0	0	0	0	4
0	0	0	0	0
***
0	4	3	3	0
0	0	4	3	3
0	0	0	4	3
0	0	0	0	4
0	0	0	0	0
***
0	4	3	3	3
0	0	4	3	3
0	0	0	4	3
0	0	0	0	4
0	0	0	0	0
-----String[][]------
0	0	0	0	S
0	0	0	0	0
0	0	0	0	VP
0	0	0	0	0
0	0	0	0	0
-----String[][]------
0	0	NP	0	S
0	0	0	0	0
0	0	0	V	VP
0	0	0	0	NP
0	0	0	0	0
-----String[][]------
0	NP	NP	0	S
0	0	NP	0	0
0	0	0	V	VP
0	0	0	0	NP
0	0	0	0	0
***
0	4	3
0	0	4
0	0	0
-----String[][]------
0	V	S
0	0	NP
0	0	0
***
0	4	3	0	0	0	0
0	0	4	0	0	0	0
0	0	0	4	0	0	0
0	0	0	0	4	0	0
0	0	0	0	0	4	0
0	0	0	0	0	0	4
0	0	0	0	0	0	0
***
0	4	3	0	0	0	0
0	0	4	3	0	0	0
0	0	0	4	0	0	0
0	0	0	0	4	0	0
0	0	0	0	0	4	0
0	0	0	0	0	0	4
0	0	0	0	0	0	0
***
0	4	3	0	0	0	0
0	0	4	3	0	0	0
0	0	0	4	3	0	0
0	0	0	0	4	0	0
0	0	0	0	0	4	0
0	0	0	0	0	0	4
0	0	0	0	0	0	0
***
0	4	3	0	0	0	0
0	0	4	3	0	0	0
0	0	0	4	3	0	0
0	0	0	0	4	3	0
0	0	0	0	0	4	0
0	0	0	0	0	0	4
0	0	0	0	0	0	0
***
0	4	3	0	0	0	0
0	0	4	3	0	0	0
0	0	0	4	3	0	0
0	0	0	0	4	3	0
0	0	0	0	0	4	3
0	0	0	0	0	0	4
0	0	0	0	0	0	0
***
0	4	3	3	0	0	0
0	0	4	3	0	0	0
0	0	0	4	3	0	0
0	0	0	0	4	3	0
0	0	0	0	0	4	3
0	0	0	0	0	0	4
0	0	0	0	0	0	0
***
0	4	3	3	0	0	0
0	0	4	3	3	0	0
0	0	0	4	3	0	0
0	0	0	0	4	3	0
0	0	0	0	0	4	3
0	0	0	0	0	0	4
0	0	0	0	0	0	0
***
0	4	3	3	0	0	0
0	0	4	3	3	0	0
0	0	0	4	3	3	0
0	0	0	0	4	3	0
0	0	0	0	0	4	3
0	0	0	0	0	0	4
0	0	0	0	0	0	0
***
0	4	3	3	0	0	0
0	0	4	3	3	0	0
0	0	0	4	3	3	0
0	0	0	0	4	3	3
0	0	0	0	0	4	3
0	0	0	0	0	0	4
0	0	0	0	0	0	0
***
0	4	3	3	3	0	0
0	0	4	3	3	0	0
0	0	0	4	3	3	0
0	0	0	0	4	3	3
0	0	0	0	0	4	3
0	0	0	0	0	0	4
0	0	0	0	0	0	0
***
0	4	3	3	3	0	0
0	0	4	3	3	3	0
0	0	0	4	3	3	0
0	0	0	0	4	3	3
0	0	0	0	0	4	3
0	0	0	0	0	0	4
0	0	0	0	0	0	0
***
0	4	3	3	3	0	0
0	0	4	3	3	3	0
0	0	0	4	3	3	3
0	0	0	0	4	3	3
0	0	0	0	0	4	3
0	0	0	0	0	0	4
0	0	0	0	0	0	0
***
0	4	3	3	3	3	0
0	0	4	3	3	3	0
0	0	0	4	3	3	3
0	0	0	0	4	3	3
0	0	0	0	0	4	3
0	0	0	0	0	0	4
0	0	0	0	0	0	0
***
0	4	3	3	3	3	0
0	0	4	3	3	3	3
0	0	0	4	3	3	3
0	0	0	0	4	3	3
0	0	0	0	0	4	3
0	0	0	0	0	0	4
0	0	0	0	0	0	0
***
0	4	3	3	3	3	3
0	0	4	3	3	3	3
0	0	0	4	3	3	3
0	0	0	0	4	3	3
0	0	0	0	0	4	3
0	0	0	0	0	0	4
0	0	0	0	0	0	0
-----String[][]------
0	0	0	0	0	0	S
0	0	0	0	0	0	0
0	0	0	0	0	0	0
0	0	0	0	0	0	VP
0	0	0	0	0	0	0
0	0	0	0	0	0	0
0	0	0	0	0	0	0
-----String[][]------
0	0	0	0	0	0	S
0	0	0	0	0	0	0
0	0	0	0	0	0	0
0	0	0	0	0	0	VP
0	0	0	0	0	0	NP
0	0	0	0	0	0	0
0	0	0	0	0	0	0
-----String[][]------
0	0	0	NP	0	0	S
0	0	0	0	0	0	0
0	0	0	0	0	0	0
0	0	0	0	V	0	VP
0	0	0	0	0	NP	NP
0	0	0	0	0	0	NP
0	0	0	0	0	0	0
-----String[][]------
0	0	0	NP	0	0	S
0	0	0	NP	0	0	0
0	0	0	0	0	0	0
0	0	0	0	V	0	VP
0	0	0	0	0	NP	NP
0	0	0	0	0	0	NP
0	0	0	0	0	0	0
-----String[][]------
0	NP	0	NP	0	0	S
0	0	NP	NP	0	0	0
0	0	0	NP	0	0	0
0	0	0	0	V	0	VP
0	0	0	0	0	NP	NP
0	0	0	0	0	0	NP
0	0	0	0	0	0	0
***
0	4	3	0	0
0	0	4	0	0
0	0	0	4	0
0	0	0	0	4
0	0	0	0	0
***
0	4	3	0	0
0	0	4	3	0
0	0	0	4	0
0	0	0	0	4
0	0	0	0	0
***
0	4	3	0	0
0	0	4	3	0
0	0	0	4	3
0	0	0	0	4
0	0	0	0	0
***
0	4	3	3	0
0	0	4	3	0
0	0	0	4	3
0	0	0	0	4
0	0	0	0	0
***
0	4	3	3	0
0	0	4	3	3
0	0	0	4	3
0	0	0	0	4
0	0	0	0	0
***
0	4	3	3	3
0	0	4	3	3
0	0	0	4	3
0	0	0	0	4
0	0	0	0	0
-----String[][]------
0	0	0	0	S
0	0	0	0	0
0	0	0	0	VP
0	0	0	0	0
0	0	0	0	0
-----String[][]------
0	0	NP	0	S
0	0	0	0	0
0	0	0	V	VP
0	0	0	0	NP
0	0	0	0	0
-----String[][]------
0	NP	NP	0	S
0	0	NP	0	0
0	0	0	V	VP
0	0	0	0	NP
0	0	0	0	0
***
0	4	3
0	0	4
0	0	0
-----String[][]------
0	V	S
0	0	NP
0	0	0
***
0	4	3	0	0	0	0
0	0	4	0	0	0	0
0	0	0	4	0	0	0
0	0	0	0	4	0	0
0	0	0	0	0	4	0
0	0	0	0	0	0	4
0	0	0	0	0	0	0
***
0	4	3	0	0	0	0
0	0	4	3	0	0	0
0	0	0	4	0	0	0
0	0	0	0	4	0	0
0	0	0	0	0	4	0
0	0	0	0	0	0	4
0	0	0	0	0	0	0
***
0	4	3	0	0	0	0
0	0	4	3	0	0	0
0	0	0	4	3	0	0
0	0	0	0	4	0	0
0	0	0	0	0	4	0
0	0	0	0	0	0	4
0	0	0	0	0	0	0
***
0	4	3	0	0	0	0
0	0	4	3	0	0	0
0	0	0	4	3	0	0
0	0	0	0	4	3	0
0	0	0	0	0	4	0
0	0	0	0	0	0	4
0	0	0	0	0	0	0
***
0	4	3	0	0	0	0
0	0	4	3	0	0	0
0	0	0	4	3	0	0
0	0	0	0	4	3	0
0	0	0	0	0	4	3
0	0	0	0	0	0	4
0	0	0	0	0	0	0
***
0	4	3	3	0	0	0
0	0	4	3	0	0	0
0	0	0	4	3	0	0
0	0	0	0	4	3	0
0	0	0	0	0	4	3
0	0	0	0	0	0	4
0	0	0	0	0	0	0
***
0	4	3	3	0	0	0
0	0	4	3	3	0	0
0	0	0	4	3	0	0
0	0	0	0	4	3	0
0	0	0	0	0	4	3
0	0	0	0	0	0	4
0	0	0	0	0	0	0
***
0	4	3	3	0	0	0
0	0	4	3	3	0	0
0	0	0	4	3	3	0
0	0	0	0	4	3	0
0	0	0	0	0	4	3
0	0	0	0	0	0	4
0	0	0	0	0	0	0
***
0	4	3	3	0	0	0
0	0	4	3	3	0	0
0	0	0	4	3	3	0
0	0	0	0	4	3	3
0	0	0	0	0	4	3
0	0	0	0	0	0	4
0	0	0	0	0	0	0
***
0	4	3	3	3	0	0
0	0	4	3	3	0	0
0	0	0	4	3	3	0
0	0	0	0	4	3	3
0	0	0	0	0	4	3
0	0	0	0	0	0	4
0	0	0	0	0	0	0
***
0	4	3	3	3	0	0
0	0	4	3	3	3	0
0	0	0	4	3	3	0
0	0	0	0	4	3	3
0	0	0	0	0	4	3
0	0	0	0	0	0	4
0	0	0	0	0	0	0
***
0	4	3	3	3	0	0
0	0	4	3	3	3	0
0	0	0	4	3	3	3
0	0	0	0	4	3	3
0	0	0	0	0	4	3
0	0	0	0	0	0	4
0	0	0	0	0	0	0
***
0	4	3	3	3	3	0
0	0	4	3	3	3	0
0	0	0	4	3	3	3
0	0	0	0	4	3	3
0	0	0	0	0	4	3
0	0	0	0	0	0	4
0	0	0	0	0	0	0
***
0	4	3	3	3	3	0
0	0	4	3	3	3	3
0	0	0	4	3	3	3
0	0	0	0	4	3	3
0	0	0	0	0	4	3
0	0	0	0	0	0	4
0	0	0	0	0	0	0
***
0	4	3	3	3	3	3
0	0	4	3	3	3	3
0	0	0	4	3	3	3
0	0	0	0	4	3	3
0	0	0	0	0	4	3
0	0	0	0	0	0	4
0	0	0	0	0	0	0
-----String[][]------
0	0	0	0	0	0	S
0	0	0	0	0	0	0
0	0	0	0	0	0	0
0	0	0	0	0	0	VP
0	0	0	0	0	0	0
0	0	0	0	0	0	0
0	0	0	0	0	0	0
-----String[][]------
0	0	0	0	0	0	S
0	0	0	0	0	0	0
0	0	0	0	0	0	0
0	0	0	0	0	0	VP
0	0	0	0	0	0	NP
0	0	0	0	0	0	0
0	0	0	0	0	0	0
-----String[][]------
0	0	0	NP	0	0	S
0	0	0	0	0	0	0
0	0	0	0	0	0	0
0	0	0	0	V	0	VP
0	0	0	0	0	NP	NP
0	0	0	0	0	0	NP
0	0	0	0	0	0	0
-----String[][]------
0	0	0	NP	0	0	S
0	0	0	NP	0	0	0
0	0	0	0	0	0	0
0	0	0	0	V	0	VP
0	0	0	0	0	NP	NP
0	0	0	0	0	0	NP
0	0	0	0	0	0	0
-----String[][]------
0	NP	0	NP	0	0	S
0	0	NP	NP	0	0	0
0	0	0	NP	0	0	0
0	0	0	0	V	0	VP
0	0	0	0	0	NP	NP
0	0	0	0	0	0	NP
0	0	0	0	0	0	0
***
0	4	3	0	0
0	0	4	0	0
0	0	0	4	0
0	0	0	0	4
0	0	0	0	0
***
0	4	3	0	0
0	0	4	3	0
0	0	0	4	0
0	0	0	0	4
0	0	0	0	0
***
0	4	3	0	0
0	0	4	3	0
0	0	0	4	3
0	0	0	0	4
0	0	0	0	0
***
0	4	3	3	0
0	0	4	3	0
0	0	0	4	3
0	0	0	0	4
0	0	0	0	0
***
0	4	3	3	0
0	0	4	3	3
0	0	0	4	3
0	0	0	0	4
0	0	0	0	0
***
0	4	3	3	3
0	0	4	3	3
0	0	0	4	3
0	0	0	0	4
0	0	0	0	0
-----String[][]------
0	0	0	0	S
0	0	0	0	0
0	0	0	0	VP
0	0	0	0	0
0	0	0	0	0
-----String[][]------
0	0	NP	0	S
0	0	0	0	0
0	0	0	V	VP
0	0	0	0	NP
0	0	0	0	0
-----String[][]------
0	NP	NP	0	S
0	0	NP	0	0
0	0	0	V	VP
0	0	0	0	NP
0	0	0	0	0
***
0	4	3	0	0
0	0	4	0	0
0	0	0	4	0
0	0	0	0	4
0	0	0	0	0
***
0	4	3	0	0
0	0	4	3	0
0	0	0	4	0
0	0	0	0	4
0	0	0	0	0
***
0	4	3	0	0
0	0	4	3	0
0	0	0	4	3
0	0	0	0	4
0	0	0	0	0
***
0	4	3	3	0
0	0	4	3	0
0	0	0	4	3
0	0	0	0	4
0	0	0	0	0
***
0	4	3	3	0
0	0	4	3	3
0	0	0	4	3
0	0	0	0	4
0	0	0	0	0
***
0	4	3	3	3
0	0	4	3	3
0	0	0	4	3
0	0	0	0	4
0	0	0	0	0
-----String[][]------
0	0	0	0	S
0	0	0	0	0
0	0	0	0	VP
0	0	0	0	0
0	0	0	0	0
-----String[][]------
0	0	NP	0	S
0	0	0	0	0
0	0	0	V	VP
0	0	0	0	NP
0	0	0	0	0
-----String[][]------
0	NP	NP	0	S
0	0	NP	0	0
0	0	0	V	VP
0	0	0	0	NP
0	0	0	0	0
***
0	4	3	0	0
0	0	4	0	0
0	0	0	4	0
0	0	0	0	4
0	0	0	0	0
***
0	4	3	0	0
0	0	4	3	0
0	0	0	4	0
0	0	0	0	4
0	0	0	0	0
***
0	4	3	0	0
0	0	4	3	0
0	0	0	4	3
0	0	0	0	4
0	0	0	0	0
***
0	4	3	3	0
0	0	4	3	0
0	0	0	4	3
0	0	0	0	4
0	0	0	0	0
***
0	4	3	3	0
0	0	4	3	3
0	0	0	4	3
0	0	0	0	4
0	0	0	0	0
***
0	4	3	3	3
0	0	4	3	3
0	0	0	4	3
0	0	0	0	4
0	0	0	0	0
-----String[][]------
0	0	0	0	S
0	0	0	0	0
0	0	0	0	VP
0	0	0	0	0
0	0	0	0	0
-----String[][]------
0	0	NP	0	S
0	0	0	0	0
0	0	0	V	VP
0	0	0	0	NP
0	0	0	0	0
-----String[][]------
0	NP	NP	0	S
0	0	NP	0	0
0	0	0	V	VP
0	0	0	0	NP
0	0	0	0	0
***
0	4	3	0	0
0	0	4	0	0
0	0	0	4	0
0	0	0	0	4
0	0	0	0	0
***
0	4	3	0	0
0	0	4	3	0
0	0	0	4	0
0	0	0	0	4
0	0	0	0	0
***
0	4	3	0	0
0	0	4	3	0
0	0	0	4	3
0	0	0	0	4
0	0	0	0	0
***
0	4	3	3	0
0	0	4	3	0
0	0	0	4	3
0	0	0	0	4
0	0	0	0	0
***
0	4	3	3	0
0	0	4	3	3
0	0	0	4	3
0	0	0	0	4
0	0	0	0	0
***
0	4	3	3	3
0	0	4	3	3
0	0	0	4	3
0	0	0	0	4
0	0	0	0	0
-----String[][]------
0	0	0	0	S
0	0	0	0	0
0	0	0	0	VP
0	0	0	0	0
0	0	0	0	0
-----String[][]------
0	0	NP	0	S
0	0	0	0	0
0	0	0	V	VP
0	0	0	0	NP
0	0	0	0	0
-----String[][]------
0	NP	NP	0	S
0	0	NP	0	0
0	0	0	V	VP
0	0	0	0	NP
0	0	0	0	0
